   17.2526
   34.9126
   53.4832
   31.9689
   36.5496
   48.0593
   63.6794
   66.8374
   69.6136
   77.6802
   90.6646
  111.4063
  114.2031
  123.0215
  140.3468
   31.9689
   36.5496
   48.0593
   63.6794
   56.9749
   59.9991
   68.5904
   81.9484
   93.5345
   96.1219
  103.9825
  117.8133
  166.3211
    0.0000
    0.0000
    0.0000
   66.8374
   69.6136
   77.6802
   90.6646
   93.5345
   96.1219
  103.9825
  117.8133
  145.0820
  149.8788
  179.4067
    0.0000
    0.0000
    0.0000
    0.0000
    0.0000
  111.4063
  114.2031
  123.0215
  140.3468
  166.3211
    0.0000
    0.0000
    0.0000
    0.0000
    0.0000
    0.0000
    0.0000
    0.0000
    0.0000
    0.0000
    0.0000
